name,gender,email_id,age,event_id,comp_id,status
Nicole Hughes,Male,d.morrison@randatmail.com,50,9,5,winnner
Terri West,other,f.cooper@randatmail.com,18,6,2,winner
Audrey Gates,Female,s.foster@randatmail.com,45,29,,
Susan Anderson,Male,v.nelson@randatmail.com,55,,1,looser
Derrick Morse,Male,b.turner@randatmail.com,15,7,2,looser
Stephanie Fletcher,other,d.gray@randatmail.com,60,28,,
Lindsay Garcia,Male,s.barrett@randatmail.com,68,26,,
Scott Garcia,Male,b.tucker@randatmail.com,16,,9,winner
Susan Hill,other,c.higgins@randatmail.com,40,22,,
Hailey Smith,Female,r.holmes@randatmail.com,45,24,,
Nathaniel Wilson,Male,j.moore@randatmail.com,42,11,,
Tammy Hogan,Female,l.barrett@randatmail.com,26,7,10,looser
John Webb,other,m.gibson@randatmail.com,30,19,,
Tony Greene,Male,s.hawkins@randatmail.com,31,2,,
Stephen Carpenter,Male,j.harris@randatmail.com,33,29,,
Wendy Hines,Male,b.payne@randatmail.com,41,,6,looser
Dustin Arnold,Female,s.lloyd@randatmail.com,17,29,,
Brenda Powell,Female,e.davis@randatmail.com,19,26,,
Natalie Avila,other,t.murphy@randatmail.com,53,15,,
Paul Simpson,Male,s.stevens@randatmail.com,19,9,,
Brittany Pollard,Female,t.murray@randatmail.com,18,,8,looser
John Mcdonald,Female,a.moore@randatmail.com,20,14,,
Melissa Elliott,Male,l.brown@randatmail.com,36,5,,
Candace Anderson,Female,s.morris@randatmail.com,70,15,,
Kyle Avery,Male,e.parker@randatmail.com,40,28,,
Shaun Taylor,Female,s.owens@randatmail.com,49,3,,
Ashley Lane,Female,m.west@randatmail.com,51,7,,
Kristin Huynh,Male,d.johnson@randatmail.com,58,8,,
Christopher Lawrence,other,r.edwards@randatmail.com,38,,7,winner
Lindsey Rhodes,Female,r.lloyd@randatmail.com,16,8,,
Jacob Martin,Male,h.brown@randatmail.com,40,5,,
Richard Jacobs,Female,a.perkins@randatmail.com,75,15,,
Madison Reid,Male,s.miller@randatmail.com,27,,8,winner
Lori Bell,Female,m.mitchell@randatmail.com,19,9,,
Michael Skinner,Male,s.higgins@randatmail.com,17,14,,
Spencer Ramos,Male,d.hunt@randatmail.com,34,27,,
Mark Anthony,Male,m.casey@randatmail.com,36,,10,looser
Carol Lopez DVM,other,c.fowler@randatmail.com,49,2,,
Timothy Humphrey,Male,f.cooper@randatmail.com,21,,2,winner
Michael Harper,Male,v.cole@randatmail.com,63,13,,
Christine Rojas,Female,s.sullivan@randatmail.com,54,,3,winner
Julie Haney,Female,l.chapman@randatmail.com,78,6,4,looser
Brianna Perry,Female,s.hill@randatmail.com,79,14,,
Shannon Webster,other,o.gibson@randatmail.com,22,,,
Anna Thompson,Male,f.johnston@randatmail.com,58,16,,
Krista Love,Male,a.jones@randatmail.com,45,,,
Carlos Hughes,other,e.harrison@randatmail.com,41,24,,
Johnathan Oneal,Female,c.elliott@randatmail.com,20,,2,winner
Ryan Torres,Male,t.stevens@randatmail.com,19,21,,
Bethany Hull,Female,e.cameron@randatmail.com,35,26,,
Pebrook Metcalf,Male,pmetcalf0@1688.com,55,,,
Moselle Derle,Female,mderle1@google.com.au,35,12,,
Rochette Chaize,Female,rchaize2@bravesites.com,53,23,,
Rutter Kohrt,Male,rkohrt3@taobao.com,40,,,
Care Neem,Male,cneem4@ehow.com,34,,3,looser
Padget Timlett,Male,ptimlett5@wordpress.com,55,17,,
Eldridge Opy,Male,eopy6@csmonitor.com,37,,,
Kippy Bryant,Male,kbryant7@ebay.co.uk,69,11,,
Henryetta Bonnet,Female,hbonnet8@skype.com,54,,4,winner
Goldia Hallard,Female,ghallard9@topsy.com,53,26,,
Binky Mughal,Male,bmughala@who.int,20,12,,
Meaghan Rhule,other,mrhuleb@ucla.edu,17,1,,
Thomasin Kealey,Female,tkealeyc@vkontakte.ru,61,,8,winner
Margarita Ayree,Female,mayreed@sun.com,68,25,,
Selena Dobney,Female,sdobneye@elegantthemes.com,19,16,,
Toddie Sodory,Male,tsodoryf@squarespace.com,79,,2,winner
Donavon Patis,Male,dpatisg@moonfruit.com,63,22,,
Lisbeth Deignan,Female,ldeignanh@technorati.com,31,,1,winner
Donelle Seifenmacher,Female,dseifenmacheri@acquirethisname.com,72,26,,
Walker O'Lehane,Male,wolehanej@usa.gov,37,23,10,looser